# GIMP colorrc
# 
# This file holds a list of recently used colors.

(color-history
    (color-rgba 0 1 0.33606557377049207 1)
    (color-rgba 1 0 0 1)
    (color-rgba 1 1 1 1)
    (color-rgba 0 0 0 1)
    (color-rgba 0 0.36065573770491799 1 1)
    (color-rgba 0.69803923368453979 0.69803923368453979 0.69803923368453979 1)
    (color-rgba 0.98039215803146362 0 0 1)
    (color-rgba 0 0.097375293348497802 0.98039215803146362 1)
    (color-rgba 0 0.044261496976589994 0.98039215803146362 1)
    (color-rgba 0.31372550129890442 0.98039215803146362 0 1)
    (color-rgba 0 1 0.54509806632995605 1)
    (color-rgba 0.3205417607223473 1 0 1)
    (color-rgba 0 1 0.54627539503386036 1)
    (color-rgba 0 0.80361173814898379 1 1)
    (color-rgba 0.23927765237020271 0 1 1)
    (color-rgba 1 0 0.79909706546275405 1)
    (color-rgba 0.35643564356435642 0.068741159830268725 0.068741159830268725 1)
    (color-rgba 0 0 0 0)
    (color-rgba 0.8528138528138528 0.06295941195270055 0.06295941195270055 1)
    (color-rgba 0.35930735930735935 0.019291670298381722 0.019291670298381722 1)
    (color-rgba 0 0.7186147186147186 0.27997976049924095 1)
    (color-rgba 0.49803921580314636 0.49019607901573181 0.49411764740943909 1)
    (color-rgba 0.36862745881080627 0.21960784494876862 0.10980392247438431 1)
    (color-rgba 0 0.90909090909090917 1 1)
    (color-rgba 0.99215686321258545 0.050980392843484879 0.11372549086809158 1)
    (color-rgba 1 0.77254903316497803 0.0039215688593685627 1)
    (color-rgba 0.98823529481887817 0.43529412150382996 0 1)
    (color-rgba 0.97254902124404907 0.24705882370471954 0.12941177189350128 1)
    (color-rgba 0.99215686321258545 0.86666667461395264 0.0078431377187371254 1)
    (color-rgba 0.99215686274509807 0.87058823529411766 0.0039215686274509803 1)
    (color-rgba 0.99607843137254903 0.7686274509803922 0.0078431372549019607 1)
    (color-rgba 0.61960786581039429 0.61960786581039429 0.61960786581039429 1)
    (color-rgba 0.25098040699958801 0.25882354378700256 0.26274511218070984 1)
    (color-rgba 0.80952380952380953 0.027165228507510349 0.027165228507510349 1)
    (color-rgba 0.44588744588744589 0.44588744588744589 0.44588744588744589 1)
    (color-rgba 0.37662337662337664 0 0 1)
    (color-rgba 0.97402597402597402 0.97402597402597402 0.97402597402597402 1)
    (color-rgba 0.35064935064935066 0.35064935064935066 0.35064935064935066 1)
    (color-rgba 0.1385281385281385 0.1385281385281385 0.1385281385281385 1)
    (color-rgba 0.36186707019805908 0.36186712980270386 0.36186707019805908 1))

# end of colorrc
